imagesource:GoogleEarth
gsd:0.113876569731
477.0 83.0 506.0 83.0 506.0 201.0 477.0 201.0 large-vehicle 0
639.0 1467.0 654.0 1467.0 654.0 1503.0 639.0 1503.0 small-vehicle 0
1169.0 794.0 1253.0 794.0 1253.0 897.0 1169.0 897.0 large-vehicle 0
1209.0 799.0 1290.0 799.0 1290.0 904.0 1209.0 904.0 large-vehicle 0
1280.0 805.0 1360.0 805.0 1360.0 909.0 1280.0 909.0 large-vehicle 0
1308.0 799.0 1390.0 799.0 1390.0 903.0 1308.0 903.0 large-vehicle 0
1342.0 796.0 1419.0 796.0 1419.0 903.0 1342.0 903.0 large-vehicle 0
1373.0 794.0 1452.0 794.0 1452.0 901.0 1373.0 901.0 large-vehicle 0
1411.0 800.0 1489.0 800.0 1489.0 907.0 1411.0 907.0 large-vehicle 0
1440.0 797.0 1519.0 797.0 1519.0 901.0 1440.0 901.0 large-vehicle 0
1475.0 800.0 1553.0 800.0 1553.0 903.0 1475.0 903.0 large-vehicle 0
1510.0 798.0 1589.0 798.0 1589.0 903.0 1510.0 903.0 large-vehicle 0
1542.0 800.0 1621.0 800.0 1621.0 907.0 1542.0 907.0 large-vehicle 0
1575.0 798.0 1653.0 798.0 1653.0 903.0 1575.0 903.0 large-vehicle 0
1606.0 800.0 1690.0 800.0 1690.0 904.0 1606.0 904.0 large-vehicle 0
1678.0 802.0 1760.0 802.0 1760.0 912.0 1678.0 912.0 large-vehicle 0
1748.0 809.0 1827.0 809.0 1827.0 911.0 1748.0 911.0 large-vehicle 0
1077.0 802.0 1157.0 802.0 1157.0 907.0 1077.0 907.0 large-vehicle 0
1011.0 796.0 1090.0 796.0 1090.0 902.0 1011.0 902.0 large-vehicle 0
970.0 796.0 1049.0 796.0 1049.0 894.0 970.0 894.0 large-vehicle 0
605.0 790.0 684.0 790.0 684.0 896.0 605.0 896.0 large-vehicle 0
2013.0 698.0 2089.0 698.0 2089.0 796.0 2013.0 796.0 large-vehicle 0
2043.0 690.0 2119.0 690.0 2119.0 791.0 2043.0 791.0 large-vehicle 0
468.0 787.0 546.0 787.0 546.0 891.0 468.0 891.0 large-vehicle 0
502.0 788.0 581.0 788.0 581.0 893.0 502.0 893.0 large-vehicle 0
536.0 789.0 614.0 789.0 614.0 892.0 536.0 892.0 large-vehicle 0
574.0 796.0 652.0 796.0 652.0 900.0 574.0 900.0 large-vehicle 0
641.0 795.0 722.0 795.0 722.0 896.0 641.0 896.0 large-vehicle 0
908.0 794.0 993.0 794.0 993.0 899.0 908.0 899.0 large-vehicle 0
705.0 793.0 786.0 793.0 786.0 897.0 705.0 897.0 large-vehicle 0
740.0 793.0 819.0 793.0 819.0 899.0 740.0 899.0 large-vehicle 0
772.0 789.0 849.0 789.0 849.0 893.0 772.0 893.0 large-vehicle 0
804.0 791.0 883.0 791.0 883.0 896.0 804.0 896.0 large-vehicle 0
840.0 793.0 921.0 793.0 921.0 901.0 840.0 901.0 large-vehicle 0
875.0 793.0 956.0 793.0 956.0 899.0 875.0 899.0 large-vehicle 0
1711.0 805.0 1790.0 805.0 1790.0 908.0 1711.0 908.0 large-vehicle 0
1776.0 799.0 1854.0 799.0 1854.0 903.0 1776.0 903.0 large-vehicle 0
1819.0 815.0 1898.0 815.0 1898.0 922.0 1819.0 922.0 large-vehicle 0
1145.0 1043.0 1197.0 1043.0 1197.0 1105.0 1145.0 1105.0 large-vehicle 0
843.0 1044.0 894.0 1044.0 894.0 1106.0 843.0 1106.0 large-vehicle 0
877.0 1045.0 928.0 1045.0 928.0 1105.0 877.0 1105.0 large-vehicle 0
940.0 1045.0 995.0 1045.0 995.0 1108.0 940.0 1108.0 large-vehicle 0
975.0 1043.0 1031.0 1043.0 1031.0 1109.0 975.0 1109.0 large-vehicle 0
1078.0 1038.0 1136.0 1038.0 1136.0 1103.0 1078.0 1103.0 large-vehicle 0
1115.0 1040.0 1168.0 1040.0 1168.0 1104.0 1115.0 1104.0 large-vehicle 0
1178.0 1044.0 1232.0 1044.0 1232.0 1107.0 1178.0 1107.0 large-vehicle 0
747.0 1031.0 803.0 1031.0 803.0 1094.0 747.0 1094.0 large-vehicle 0
1216.0 1038.0 1271.0 1038.0 1271.0 1100.0 1216.0 1100.0 large-vehicle 0
1279.0 1048.0 1333.0 1048.0 1333.0 1111.0 1279.0 1111.0 large-vehicle 0
1376.0 1049.0 1432.0 1049.0 1432.0 1111.0 1376.0 1111.0 large-vehicle 0
1413.0 1043.0 1469.0 1043.0 1469.0 1108.0 1413.0 1108.0 large-vehicle 0
1449.0 1048.0 1502.0 1048.0 1502.0 1111.0 1449.0 1111.0 large-vehicle 0
1484.0 1045.0 1538.0 1045.0 1538.0 1108.0 1484.0 1108.0 large-vehicle 0
543.0 1035.0 600.0 1035.0 600.0 1098.0 543.0 1098.0 large-vehicle 0
512.0 1034.0 565.0 1034.0 565.0 1097.0 512.0 1097.0 large-vehicle 0
1843.0 802.0 1919.0 802.0 1919.0 903.0 1843.0 903.0 large-vehicle 0
204.0 1034.0 257.0 1034.0 257.0 1095.0 204.0 1095.0 large-vehicle 0
1880.0 805.0 1958.0 805.0 1958.0 910.0 1880.0 910.0 large-vehicle 0
1911.0 804.0 1990.0 804.0 1990.0 905.0 1911.0 905.0 large-vehicle 0
1943.0 801.0 2023.0 801.0 2023.0 906.0 1943.0 906.0 large-vehicle 0
1978.0 802.0 2057.0 802.0 2057.0 904.0 1978.0 904.0 large-vehicle 0
2013.0 804.0 2090.0 804.0 2090.0 905.0 2013.0 905.0 large-vehicle 0
2046.0 805.0 2124.0 805.0 2124.0 909.0 2046.0 909.0 large-vehicle 0
236.0 1037.0 291.0 1037.0 291.0 1101.0 236.0 1101.0 large-vehicle 0
478.0 1036.0 530.0 1036.0 530.0 1099.0 478.0 1099.0 large-vehicle 0
271.0 1037.0 328.0 1037.0 328.0 1102.0 271.0 1102.0 large-vehicle 0
309.0 1031.0 365.0 1031.0 365.0 1096.0 309.0 1096.0 large-vehicle 0
345.0 1031.0 398.0 1031.0 398.0 1096.0 345.0 1096.0 large-vehicle 0
376.0 1034.0 430.0 1034.0 430.0 1098.0 376.0 1098.0 large-vehicle 0
404.0 1040.0 458.0 1040.0 458.0 1104.0 404.0 1104.0 large-vehicle 0
445.0 1031.0 497.0 1031.0 497.0 1096.0 445.0 1096.0 large-vehicle 0
1976.0 693.0 2054.0 693.0 2054.0 795.0 1976.0 795.0 large-vehicle 0
1943.0 693.0 2020.0 693.0 2020.0 792.0 1943.0 792.0 large-vehicle 0
1905.0 686.0 1981.0 686.0 1981.0 784.0 1905.0 784.0 large-vehicle 0
1634.0 436.0 1713.0 436.0 1713.0 536.0 1634.0 536.0 large-vehicle 0
1185.0 406.0 1264.0 406.0 1264.0 507.0 1185.0 507.0 large-vehicle 0
1214.0 411.0 1291.0 411.0 1291.0 512.0 1214.0 512.0 large-vehicle 0
1244.0 419.0 1322.0 419.0 1322.0 519.0 1244.0 519.0 large-vehicle 0
1308.0 419.0 1388.0 419.0 1388.0 519.0 1308.0 519.0 large-vehicle 0
1373.0 421.0 1453.0 421.0 1453.0 521.0 1373.0 521.0 large-vehicle 0
1500.0 436.0 1579.0 436.0 1579.0 534.0 1500.0 534.0 large-vehicle 0
1667.0 442.0 1745.0 442.0 1745.0 545.0 1667.0 545.0 large-vehicle 0
1059.0 392.0 1141.0 392.0 1141.0 495.0 1059.0 495.0 large-vehicle 0
1726.0 448.0 1808.0 448.0 1808.0 547.0 1726.0 547.0 large-vehicle 0
1795.0 447.0 1874.0 447.0 1874.0 552.0 1795.0 552.0 large-vehicle 0
1857.0 452.0 1939.0 452.0 1939.0 559.0 1857.0 559.0 large-vehicle 0
1922.0 456.0 2006.0 456.0 2006.0 560.0 1922.0 560.0 large-vehicle 0
1958.0 454.0 2037.0 454.0 2037.0 560.0 1958.0 560.0 large-vehicle 0
1997.0 455.0 2071.0 455.0 2071.0 552.0 1997.0 552.0 large-vehicle 0
1155.0 399.0 1235.0 399.0 1235.0 502.0 1155.0 502.0 large-vehicle 0
995.0 391.0 1071.0 391.0 1071.0 493.0 995.0 493.0 large-vehicle 0
2048.0 470.0 2129.0 470.0 2129.0 577.0 2048.0 577.0 large-vehicle 0
654.0 397.0 732.0 397.0 732.0 502.0 654.0 502.0 large-vehicle 0
463.0 386.0 535.0 386.0 535.0 483.0 463.0 483.0 large-vehicle 0
489.0 389.0 566.0 389.0 566.0 494.0 489.0 494.0 large-vehicle 0
520.0 390.0 598.0 390.0 598.0 496.0 520.0 496.0 large-vehicle 0
555.0 390.0 631.0 390.0 631.0 495.0 555.0 495.0 large-vehicle 0
590.0 388.0 666.0 388.0 666.0 490.0 590.0 490.0 large-vehicle 0
625.0 389.0 703.0 389.0 703.0 492.0 625.0 492.0 large-vehicle 0
726.0 390.0 803.0 390.0 803.0 495.0 726.0 495.0 large-vehicle 0
960.0 393.0 1035.0 393.0 1035.0 498.0 960.0 498.0 large-vehicle 0
757.0 391.0 834.0 391.0 834.0 494.0 757.0 494.0 large-vehicle 0
789.0 391.0 870.0 391.0 870.0 497.0 789.0 497.0 large-vehicle 0
810.0 420.0 883.0 420.0 883.0 519.0 810.0 519.0 large-vehicle 0
856.0 398.0 934.0 398.0 934.0 502.0 856.0 502.0 large-vehicle 0
896.0 393.0 969.0 393.0 969.0 494.0 896.0 494.0 large-vehicle 0
927.0 394.0 1003.0 394.0 1003.0 494.0 927.0 494.0 large-vehicle 0
2013.0 470.0 2095.0 470.0 2095.0 576.0 2013.0 576.0 large-vehicle 0
2114.0 468.0 2196.0 468.0 2196.0 580.0 2114.0 580.0 large-vehicle 0
1875.0 693.0 1952.0 693.0 1952.0 793.0 1875.0 793.0 large-vehicle 0
1444.0 697.0 1515.0 697.0 1515.0 787.0 1444.0 787.0 large-vehicle 0
1069.0 681.0 1149.0 681.0 1149.0 788.0 1069.0 788.0 large-vehicle 0
1099.0 677.0 1181.0 677.0 1181.0 782.0 1099.0 782.0 large-vehicle 0
1132.0 678.0 1216.0 678.0 1216.0 787.0 1132.0 787.0 large-vehicle 0
1176.0 690.0 1251.0 690.0 1251.0 789.0 1176.0 789.0 large-vehicle 0
1208.0 690.0 1284.0 690.0 1284.0 790.0 1208.0 790.0 large-vehicle 0
1305.0 687.0 1382.0 687.0 1382.0 786.0 1305.0 786.0 large-vehicle 0
1580.0 698.0 1648.0 698.0 1648.0 789.0 1580.0 789.0 large-vehicle 0
969.0 682.0 1050.0 682.0 1050.0 787.0 969.0 787.0 large-vehicle 0
1676.0 692.0 1753.0 692.0 1753.0 795.0 1676.0 795.0 large-vehicle 0
1714.0 699.0 1791.0 699.0 1791.0 800.0 1714.0 800.0 large-vehicle 0
1746.0 696.0 1821.0 696.0 1821.0 796.0 1746.0 796.0 large-vehicle 0
1782.0 700.0 1855.0 700.0 1855.0 795.0 1782.0 795.0 large-vehicle 0
1811.0 697.0 1887.0 697.0 1887.0 796.0 1811.0 796.0 large-vehicle 0
1844.0 698.0 1920.0 698.0 1920.0 795.0 1844.0 795.0 large-vehicle 0
1030.0 673.0 1112.0 673.0 1112.0 780.0 1030.0 780.0 large-vehicle 0
941.0 688.0 1020.0 688.0 1020.0 795.0 941.0 795.0 large-vehicle 0
2147.0 472.0 2228.0 472.0 2228.0 583.0 2147.0 583.0 large-vehicle 0
599.0 678.0 682.0 678.0 682.0 785.0 599.0 785.0 large-vehicle 0
2184.0 470.0 2262.0 470.0 2262.0 577.0 2184.0 577.0 large-vehicle 0
2211.0 481.0 2290.0 481.0 2290.0 589.0 2211.0 589.0 large-vehicle 0
2249.0 479.0 2326.0 479.0 2326.0 583.0 2249.0 583.0 large-vehicle 0
466.0 677.0 549.0 677.0 549.0 784.0 466.0 784.0 large-vehicle 0
499.0 678.0 582.0 678.0 582.0 783.0 499.0 783.0 large-vehicle 0
534.0 677.0 615.0 677.0 615.0 784.0 534.0 784.0 large-vehicle 0
638.0 683.0 718.0 683.0 718.0 788.0 638.0 788.0 large-vehicle 0
905.0 683.0 986.0 683.0 986.0 790.0 905.0 790.0 large-vehicle 0
670.0 685.0 750.0 685.0 750.0 786.0 670.0 786.0 large-vehicle 0
704.0 687.0 784.0 687.0 784.0 789.0 704.0 789.0 large-vehicle 0
738.0 684.0 817.0 684.0 817.0 787.0 738.0 787.0 large-vehicle 0
770.0 681.0 851.0 681.0 851.0 788.0 770.0 788.0 large-vehicle 0
804.0 680.0 883.0 680.0 883.0 786.0 804.0 786.0 large-vehicle 0
870.0 685.0 953.0 685.0 953.0 791.0 870.0 791.0 large-vehicle 0
1513.0 1050.0 1568.0 1050.0 1568.0 1113.0 1513.0 1113.0 large-vehicle 0
1546.0 1052.0 1598.0 1052.0 1598.0 1114.0 1546.0 1114.0 large-vehicle 0
1579.0 1054.0 1631.0 1054.0 1631.0 1117.0 1579.0 1117.0 large-vehicle 0
2290.0 587.0 2380.0 587.0 2380.0 615.0 2290.0 615.0 large-vehicle 0
1292.0 1600.0 1317.0 1600.0 1317.0 1648.0 1292.0 1648.0 small-vehicle 0
1103.0 1892.0 1127.0 1892.0 1127.0 1957.0 1103.0 1957.0 large-vehicle 0
1160.0 1891.0 1187.0 1891.0 1187.0 1954.0 1160.0 1954.0 large-vehicle 0
1192.0 1892.0 1217.0 1892.0 1217.0 1955.0 1192.0 1955.0 large-vehicle 0
1266.0 1915.0 1288.0 1915.0 1288.0 1957.0 1266.0 1957.0 small-vehicle 0
2268.0 68.0 2308.0 68.0 2308.0 107.0 2268.0 107.0 small-vehicle 0
2288.0 625.0 2377.0 625.0 2377.0 648.0 2288.0 648.0 large-vehicle 0
1309.0 1417.0 1330.0 1417.0 1330.0 1461.0 1309.0 1461.0 small-vehicle 0
2294.0 652.0 2381.0 652.0 2381.0 674.0 2294.0 674.0 large-vehicle 0
2292.0 681.0 2384.0 681.0 2384.0 702.0 2292.0 702.0 large-vehicle 0
2292.0 707.0 2382.0 707.0 2382.0 731.0 2292.0 731.0 large-vehicle 0
2297.0 732.0 2384.0 732.0 2384.0 759.0 2297.0 759.0 large-vehicle 0
2287.0 764.0 2378.0 764.0 2378.0 787.0 2287.0 787.0 large-vehicle 0
2290.0 791.0 2384.0 791.0 2384.0 817.0 2290.0 817.0 large-vehicle 0
974.0 1754.0 997.0 1754.0 997.0 1802.0 974.0 1802.0 small-vehicle 0
1164.0 1413.0 1184.0 1413.0 1184.0 1455.0 1164.0 1455.0 small-vehicle 0
2288.0 849.0 2375.0 849.0 2375.0 872.0 2288.0 872.0 large-vehicle 0
205.0 1582.0 262.0 1582.0 262.0 1646.0 205.0 1646.0 large-vehicle 0
496.0 1372.0 597.0 1372.0 597.0 1400.0 496.0 1400.0 large-vehicle 0
521.0 1404.0 563.0 1404.0 563.0 1467.0 521.0 1467.0 large-vehicle 0
30.0 1426.0 88.0 1426.0 88.0 1491.0 30.0 1491.0 large-vehicle 0
96.0 1482.0 152.0 1482.0 152.0 1546.0 96.0 1546.0 large-vehicle 0
156.0 1540.0 217.0 1540.0 217.0 1602.0 156.0 1602.0 large-vehicle 0
183.0 1561.0 240.0 1561.0 240.0 1622.0 183.0 1622.0 large-vehicle 0
333.0 1603.0 395.0 1603.0 395.0 1669.0 333.0 1669.0 large-vehicle 0
1139.0 1461.0 1160.0 1461.0 1160.0 1507.0 1139.0 1507.0 small-vehicle 0
731.0 1462.0 748.0 1462.0 748.0 1510.0 731.0 1510.0 small-vehicle 0
827.0 1417.0 847.0 1417.0 847.0 1461.0 827.0 1461.0 small-vehicle 0
825.0 1467.0 843.0 1467.0 843.0 1509.0 825.0 1509.0 small-vehicle 0
960.0 1467.0 982.0 1467.0 982.0 1510.0 960.0 1510.0 small-vehicle 0
996.0 1409.0 1017.0 1409.0 1017.0 1453.0 996.0 1453.0 small-vehicle 0
1040.0 1463.0 1067.0 1463.0 1067.0 1512.0 1040.0 1512.0 small-vehicle 0
2294.0 819.0 2381.0 819.0 2381.0 843.0 2294.0 843.0 large-vehicle 0
2292.0 876.0 2378.0 876.0 2378.0 901.0 2292.0 901.0 large-vehicle 0
208.0 598.0 308.0 598.0 308.0 621.0 208.0 621.0 large-vehicle 0
50.0 345.0 79.0 345.0 79.0 377.0 50.0 377.0 small-vehicle 1
2206.0 1910.0 2248.0 1910.0 2248.0 1928.0 2206.0 1928.0 small-vehicle 0
2124.0 1934.0 2235.0 1934.0 2235.0 1962.0 2124.0 1962.0 large-vehicle 0
1717.0 1750.0 1736.0 1750.0 1736.0 1789.0 1717.0 1789.0 small-vehicle 1
2107.0 1478.0 2135.0 1478.0 2135.0 1522.0 2107.0 1522.0 small-vehicle 0
1710.0 1444.0 1728.0 1444.0 1728.0 1482.0 1710.0 1482.0 small-vehicle 0
281.0 1679.0 324.0 1679.0 324.0 1720.0 281.0 1720.0 small-vehicle 0
49.0 321.0 73.0 321.0 73.0 349.0 49.0 349.0 small-vehicle 1
2255.0 1897.0 2361.0 1897.0 2361.0 1928.0 2255.0 1928.0 large-vehicle 0
53.0 295.0 78.0 295.0 78.0 325.0 53.0 325.0 small-vehicle 1
684.0 1459.0 703.0 1459.0 703.0 1500.0 684.0 1500.0 small-vehicle 0
689.0 1410.0 707.0 1410.0 707.0 1449.0 689.0 1449.0 small-vehicle 0
662.0 1418.0 686.0 1418.0 686.0 1461.0 662.0 1461.0 small-vehicle 0
662.0 1467.0 681.0 1467.0 681.0 1503.0 662.0 1503.0 small-vehicle 0
639.0 1419.0 661.0 1419.0 661.0 1463.0 639.0 1463.0 small-vehicle 0
2298.0 1925.0 2350.0 1925.0 2350.0 1947.0 2298.0 1947.0 small-vehicle 0
2267.0 1830.0 2361.0 1830.0 2361.0 1855.0 2267.0 1855.0 large-vehicle 0
2295.0 904.0 2379.0 904.0 2379.0 928.0 2295.0 928.0 large-vehicle 0
2311.0 1195.0 2377.0 1195.0 2377.0 1221.0 2311.0 1221.0 large-vehicle 0
2295.0 932.0 2380.0 932.0 2380.0 956.0 2295.0 956.0 large-vehicle 0
2296.0 960.0 2380.0 960.0 2380.0 982.0 2296.0 982.0 large-vehicle 0
2298.0 1016.0 2380.0 1016.0 2380.0 1042.0 2298.0 1042.0 large-vehicle 0
2301.0 1074.0 2382.0 1074.0 2382.0 1102.0 2301.0 1102.0 large-vehicle 0
2301.0 1106.0 2380.0 1106.0 2380.0 1130.0 2301.0 1130.0 large-vehicle 0
2303.0 1136.0 2383.0 1136.0 2383.0 1161.0 2303.0 1161.0 large-vehicle 0
2283.0 1542.0 2385.0 1542.0 2385.0 1575.0 2283.0 1575.0 large-vehicle 0
2254.0 1795.0 2354.0 1795.0 2354.0 1820.0 2254.0 1820.0 large-vehicle 0
2280.0 1571.0 2381.0 1571.0 2381.0 1605.0 2280.0 1605.0 large-vehicle 0
2278.0 1603.0 2379.0 1603.0 2379.0 1639.0 2278.0 1639.0 large-vehicle 0
2270.0 1635.0 2374.0 1635.0 2374.0 1668.0 2270.0 1668.0 large-vehicle 0
2273.0 1676.0 2372.0 1676.0 2372.0 1705.0 2273.0 1705.0 large-vehicle 0
2277.0 1714.0 2372.0 1714.0 2372.0 1742.0 2277.0 1742.0 large-vehicle 0
2271.0 1751.0 2363.0 1751.0 2363.0 1774.0 2271.0 1774.0 large-vehicle 0
188.0 625.0 290.0 625.0 290.0 649.0 188.0 649.0 large-vehicle 0
228.0 567.0 328.0 567.0 328.0 592.0 228.0 592.0 large-vehicle 0
1612.0 1053.0 1666.0 1053.0 1666.0 1116.0 1612.0 1116.0 large-vehicle 0
549.0 1127.0 605.0 1127.0 605.0 1193.0 549.0 1193.0 large-vehicle 0
357.0 1115.0 410.0 1115.0 410.0 1180.0 357.0 1180.0 large-vehicle 0
394.0 1111.0 446.0 1111.0 446.0 1177.0 394.0 1177.0 large-vehicle 0
422.0 1119.0 476.0 1119.0 476.0 1184.0 422.0 1184.0 large-vehicle 0
456.0 1118.0 511.0 1118.0 511.0 1182.0 456.0 1182.0 large-vehicle 0
491.0 1115.0 546.0 1115.0 546.0 1182.0 491.0 1182.0 large-vehicle 0
520.0 1122.0 574.0 1122.0 574.0 1190.0 520.0 1190.0 large-vehicle 0
586.0 1124.0 640.0 1124.0 640.0 1190.0 586.0 1190.0 large-vehicle 0
289.0 1112.0 342.0 1112.0 342.0 1177.0 289.0 1177.0 large-vehicle 0
622.0 1121.0 676.0 1121.0 676.0 1184.0 622.0 1184.0 large-vehicle 0
659.0 1118.0 711.0 1118.0 711.0 1184.0 659.0 1184.0 large-vehicle 0
693.0 1120.0 744.0 1120.0 744.0 1184.0 693.0 1184.0 large-vehicle 0
726.0 1119.0 778.0 1119.0 778.0 1185.0 726.0 1185.0 large-vehicle 0
759.0 1121.0 809.0 1121.0 809.0 1184.0 759.0 1184.0 large-vehicle 0
785.0 1128.0 840.0 1128.0 840.0 1191.0 785.0 1191.0 large-vehicle 0
317.0 1122.0 370.0 1122.0 370.0 1186.0 317.0 1186.0 large-vehicle 0
245.0 1126.0 302.0 1126.0 302.0 1192.0 245.0 1192.0 large-vehicle 0
925.0 1124.0 979.0 1124.0 979.0 1186.0 925.0 1186.0 large-vehicle 0
1917.0 1053.0 1971.0 1053.0 1971.0 1115.0 1917.0 1115.0 large-vehicle 0
1712.0 1051.0 1768.0 1051.0 1768.0 1116.0 1712.0 1116.0 large-vehicle 0
1750.0 1048.0 1806.0 1048.0 1806.0 1114.0 1750.0 1114.0 large-vehicle 0
1782.0 1055.0 1835.0 1055.0 1835.0 1119.0 1782.0 1119.0 large-vehicle 0
1816.0 1049.0 1871.0 1049.0 1871.0 1115.0 1816.0 1115.0 large-vehicle 0
1848.0 1054.0 1902.0 1054.0 1902.0 1117.0 1848.0 1117.0 large-vehicle 0
1885.0 1051.0 1937.0 1051.0 1937.0 1114.0 1885.0 1114.0 large-vehicle 0
1951.0 1055.0 2004.0 1055.0 2004.0 1116.0 1951.0 1116.0 large-vehicle 0
219.0 1112.0 274.0 1112.0 274.0 1179.0 219.0 1179.0 large-vehicle 0
1987.0 1051.0 2038.0 1051.0 2038.0 1114.0 1987.0 1114.0 large-vehicle 0
2015.0 1053.0 2070.0 1053.0 2070.0 1117.0 2015.0 1117.0 large-vehicle 0
2051.0 1051.0 2105.0 1051.0 2105.0 1114.0 2051.0 1114.0 large-vehicle 0
2084.0 1058.0 2137.0 1058.0 2137.0 1119.0 2084.0 1119.0 large-vehicle 0
141.0 1128.0 198.0 1128.0 198.0 1194.0 141.0 1194.0 large-vehicle 0
186.0 1112.0 242.0 1112.0 242.0 1177.0 186.0 1177.0 large-vehicle 0
893.0 1116.0 944.0 1116.0 944.0 1181.0 893.0 1181.0 large-vehicle 0
960.0 1120.0 1013.0 1120.0 1013.0 1184.0 960.0 1184.0 large-vehicle 0
265.0 510.0 369.0 510.0 369.0 533.0 265.0 533.0 large-vehicle 0
1895.0 1132.0 1948.0 1132.0 1948.0 1196.0 1895.0 1196.0 large-vehicle 0
1699.0 1126.0 1753.0 1126.0 1753.0 1189.0 1699.0 1189.0 large-vehicle 0
1727.0 1138.0 1783.0 1138.0 1783.0 1201.0 1727.0 1201.0 large-vehicle 0
1763.0 1133.0 1818.0 1133.0 1818.0 1198.0 1763.0 1198.0 large-vehicle 0
1795.0 1130.0 1850.0 1130.0 1850.0 1196.0 1795.0 1196.0 large-vehicle 0
1831.0 1130.0 1884.0 1130.0 1884.0 1195.0 1831.0 1195.0 large-vehicle 0
1865.0 1130.0 1920.0 1130.0 1920.0 1193.0 1865.0 1193.0 large-vehicle 0
1930.0 1133.0 1983.0 1133.0 1983.0 1196.0 1930.0 1196.0 large-vehicle 0
1630.0 1126.0 1685.0 1126.0 1685.0 1192.0 1630.0 1192.0 large-vehicle 0
1966.0 1130.0 2018.0 1130.0 2018.0 1193.0 1966.0 1193.0 large-vehicle 0
1998.0 1129.0 2052.0 1129.0 2052.0 1197.0 1998.0 1197.0 large-vehicle 0
2031.0 1128.0 2087.0 1128.0 2087.0 1196.0 2031.0 1196.0 large-vehicle 0
2063.0 1134.0 2120.0 1134.0 2120.0 1199.0 2063.0 1199.0 large-vehicle 0
334.0 89.0 378.0 89.0 378.0 111.0 334.0 111.0 small-vehicle 0
328.0 115.0 369.0 115.0 369.0 137.0 328.0 137.0 small-vehicle 0
1658.0 1135.0 1713.0 1135.0 1713.0 1202.0 1658.0 1202.0 large-vehicle 0
1564.0 1127.0 1617.0 1127.0 1617.0 1191.0 1564.0 1191.0 large-vehicle 0
991.0 1126.0 1044.0 1126.0 1044.0 1189.0 991.0 1189.0 large-vehicle 0
1260.0 1126.0 1312.0 1126.0 1312.0 1190.0 1260.0 1190.0 large-vehicle 0
1026.0 1124.0 1079.0 1124.0 1079.0 1186.0 1026.0 1186.0 large-vehicle 0
1091.0 1122.0 1146.0 1122.0 1146.0 1187.0 1091.0 1187.0 large-vehicle 0
1123.0 1125.0 1177.0 1125.0 1177.0 1190.0 1123.0 1190.0 large-vehicle 0
1156.0 1126.0 1209.0 1126.0 1209.0 1190.0 1156.0 1190.0 large-vehicle 0
1188.0 1129.0 1244.0 1129.0 1244.0 1196.0 1188.0 1196.0 large-vehicle 0
1225.0 1126.0 1278.0 1126.0 1278.0 1191.0 1225.0 1191.0 large-vehicle 0
1292.0 1129.0 1344.0 1129.0 1344.0 1193.0 1292.0 1193.0 large-vehicle 0
1530.0 1125.0 1583.0 1125.0 1583.0 1190.0 1530.0 1190.0 large-vehicle 0
1324.0 1130.0 1380.0 1130.0 1380.0 1194.0 1324.0 1194.0 large-vehicle 0
1362.0 1128.0 1414.0 1128.0 1414.0 1192.0 1362.0 1192.0 large-vehicle 0
1396.0 1123.0 1449.0 1123.0 1449.0 1188.0 1396.0 1188.0 large-vehicle 0
1427.0 1127.0 1482.0 1127.0 1482.0 1193.0 1427.0 1193.0 large-vehicle 0
1461.0 1126.0 1515.0 1126.0 1515.0 1189.0 1461.0 1189.0 large-vehicle 0
1494.0 1128.0 1547.0 1128.0 1547.0 1193.0 1494.0 1193.0 large-vehicle 0
421.0 388.0 501.0 388.0 501.0 492.0 421.0 492.0 large-vehicle 0